317.49
628.742
316.772
618.505
312.08
609.783
303.146
600.908
294.566
594.621
284.282
590.808
276.418
584.973
267.463
579.954
257.68
575.409
245.672
569.948
237.496
564.596
231.825
556.924
231.686
546.855
235.46
536.058
246.439
535.35
258.442
536.761
267.172
541.214
276.253
545.324
287.64
549.932
298.425
552.86
308.337
550.287
315.683
543.339
321.266
534.193
323.355
523.537
325.131
512.708
323.613
502.703
321.018
492.56
322.109
480.765
322.63
467.485
322.573
455.879
323.134
443.695
323.924
434.144
324.677
424.788
325.463
412.287
324.652
402.411
324.719
390.13
325.758
381.989
335.492
381.662
343.918
389.834
347.67
401.512
350.138
411.949
349.378
422.654
348.338
433.823
346.022
443.137
347.245
454.56
347.79
465.676
349.392
474.625
357.167
482.888
364.299
472.533
366.045
461.012
367.887
451.796
368.96
440.91
367.198
427.434
367.054
418.163
364.471
407.364
363.29
394.085
363.651
384.98
362.514
371.45
362.383
360.241
369.901
354.762
379.557
358.57
381.36
369.868
383.467
379.887
384.463
389.732
385.643
402.079
384.451
414.183
386.427
424.227
386.889
435.451
385.343
445.897
388.523
456.29
389.335
466.812
399.911
470.523
405.931
462.215
407.382
449.807
407.391
438.235
410.894
428.423
410.908
418.568
410.347
407.932
410.926
395.793
412.912
384.473
414.629
373.622
421.948
366.544
433.666
366.405
439.062
376.068
443.188
388.21
443.871
402.552
444.235
415.77
444.042
428.158
443.555
439.629
443.153
448.498
441.913
458.788
442.964
470.966
452.95
471.171
455.626
460.411
459.65
450.217
461.429
440.974
460.486
430.916
462.615
419.902
462.313
409.594
466.846
398.139
475.044
394.772
483.879
402.523
484.205
413.394
486.002
422.381
487.408
433.759
487.813
443.364
487.814
454.445
487.883
464.3
487.649
477.556
487.886
487.907
484.828
497.595
483.741
509.159
480.76
519.282
479.341
529.126
477.387
538.622
474.422
549.104
469.531
557.541
462.141
565.837
455.593
575.4
451.927
584.649
445.69
593.706
439.158
602.305
434.27
610.315
430.238
619.397
426.283
629.464
418.626
637.089
408.967
636.925
395.389
636.014
382.304
636.6
371.833
636.148
362.221
639.876
352.782
640.465
342.583
643.039
332.063
645.193
317.246
642.066